{
 "cells": [
  {
   "cell_type": "code",
   "execution_count": 1,
   "metadata": {},
   "outputs": [],
   "source": [
    "import numpy as np\n",
    "import matplotlib.pyplot as plt\n",
    "import pandas as pd\n",
    "from sklearn.neighbors import KNeighborsClassifier\n",
    "from sklearn.datasets import load_diabetes\n",
    "from sklearn import linear_model"
   ]
  },
  {
   "cell_type": "code",
   "execution_count": 2,
   "metadata": {},
   "outputs": [
    {
     "data": {
      "text/plain": [
       "2"
      ]
     },
     "execution_count": 2,
     "metadata": {},
     "output_type": "execute_result"
    }
   ],
   "source": [
    "a = np.array([[3,3.5,2],[3.2,3.6,3],[6,7,4]])\n",
    "a\n",
    "np.linalg.matrix_rank(a)"
   ]
  },
  {
   "cell_type": "code",
   "execution_count": 3,
   "metadata": {},
   "outputs": [
    {
     "data": {
      "text/plain": [
       "array([[ 0,  1,  2,  3,  4,  5,  6,  7,  8,  9],\n",
       "       [10, 11, 12, 13, 14, 15, 16, 17, 18, 19],\n",
       "       [20, 21, 22, 23, 24, 25, 26, 27, 28, 29],\n",
       "       [30, 31, 32, 33, 34, 35, 36, 37, 38, 39],\n",
       "       [40, 41, 42, 43, 44, 45, 46, 47, 48, 49],\n",
       "       [50, 51, 52, 53, 54, 55, 56, 57, 58, 59],\n",
       "       [60, 61, 62, 63, 64, 65, 66, 67, 68, 69],\n",
       "       [70, 71, 72, 73, 74, 75, 76, 77, 78, 79],\n",
       "       [80, 81, 82, 83, 84, 85, 86, 87, 88, 89],\n",
       "       [90, 91, 92, 93, 94, 95, 96, 97, 98, 99]])"
      ]
     },
     "execution_count": 3,
     "metadata": {},
     "output_type": "execute_result"
    }
   ],
   "source": [
    "a = np.arange(100).reshape(10,10)\n",
    "a"
   ]
  },
  {
   "cell_type": "code",
   "execution_count": 4,
   "metadata": {},
   "outputs": [],
   "source": [
    "for i in range(10):\n",
    "    a[i,i] = 1"
   ]
  },
  {
   "cell_type": "code",
   "execution_count": 5,
   "metadata": {},
   "outputs": [
    {
     "data": {
      "text/plain": [
       "array([[ 1,  1,  2,  3,  4,  5,  6,  7,  8,  9],\n",
       "       [10,  1, 12, 13, 14, 15, 16, 17, 18, 19],\n",
       "       [20, 21,  1, 23, 24, 25, 26, 27, 28, 29],\n",
       "       [30, 31, 32,  1, 34, 35, 36, 37, 38, 39],\n",
       "       [40, 41, 42, 43,  1, 45, 46, 47, 48, 49],\n",
       "       [50, 51, 52, 53, 54,  1, 56, 57, 58, 59],\n",
       "       [60, 61, 62, 63, 64, 65,  1, 67, 68, 69],\n",
       "       [70, 71, 72, 73, 74, 75, 76,  1, 78, 79],\n",
       "       [80, 81, 82, 83, 84, 85, 86, 87,  1, 89],\n",
       "       [90, 91, 92, 93, 94, 95, 96, 97, 98,  1]])"
      ]
     },
     "execution_count": 5,
     "metadata": {},
     "output_type": "execute_result"
    }
   ],
   "source": [
    "a"
   ]
  },
  {
   "cell_type": "code",
   "execution_count": 6,
   "metadata": {},
   "outputs": [
    {
     "data": {
      "text/plain": [
       "10"
      ]
     },
     "execution_count": 6,
     "metadata": {},
     "output_type": "execute_result"
    }
   ],
   "source": [
    "np.linalg.matrix_rank(a)"
   ]
  },
  {
   "cell_type": "code",
   "execution_count": 7,
   "metadata": {
    "scrolled": true
   },
   "outputs": [
    {
     "data": {
      "text/plain": [
       "array([[-4.26333543e-01,  1.17210814e-01,  4.37087018e-02,\n",
       "         2.07392917e-02,  9.52167282e-03,  2.87419497e-03,\n",
       "        -1.52336730e-03, -4.64795101e-03, -6.98241011e-03,\n",
       "        -8.79280697e-03],\n",
       "       [ 1.48013251e-01, -1.09763677e-01, -2.25049036e-03,\n",
       "         9.73806051e-05,  1.24401526e-03,  1.92350247e-03,\n",
       "         2.37300938e-03,  2.69239588e-03,  2.93101797e-03,\n",
       "         3.11607184e-03],\n",
       "       [ 7.30443563e-02, -3.71727308e-03, -4.76810050e-02,\n",
       "         1.08032875e-03,  1.63818943e-03,  1.96877354e-03,\n",
       "         2.18746764e-03,  2.34285555e-03,  2.45894997e-03,\n",
       "         2.54898238e-03],\n",
       "       [ 4.96165766e-02, -1.82777172e-03,  6.21959150e-04,\n",
       "        -2.98625000e-02,  1.76136886e-03,  1.98292075e-03,\n",
       "         2.12948584e-03,  2.23362420e-03,  2.31142872e-03,\n",
       "         2.37176692e-03],\n",
       "       [ 3.81751028e-02, -9.04991990e-04,  9.55964907e-04,\n",
       "         1.53751394e-03, -2.14342877e-02,  1.98982985e-03,\n",
       "         2.10116915e-03,  2.18027865e-03,  2.23938346e-03,\n",
       "         2.28521983e-03],\n",
       "       [ 3.13949702e-02, -3.58159555e-04,  1.15389424e-03,\n",
       "         1.62641106e-03,  1.85717508e-03, -1.65245944e-02,\n",
       "         2.08438889e-03,  2.14866648e-03,  2.19668997e-03,\n",
       "         2.23393267e-03],\n",
       "       [ 2.69096517e-02,  3.59113266e-06,  1.28483211e-03,\n",
       "         1.68521992e-03,  1.88075815e-03,  1.99663266e-03,\n",
       "        -1.33113273e-02,  2.12775381e-03,  2.16844658e-03,\n",
       "         2.20000424e-03],\n",
       "       [ 2.37227149e-02,  2.60624516e-04,  1.37786692e-03,\n",
       "         1.72700516e-03,  1.89751454e-03,  1.99855714e-03,\n",
       "         2.06540070e-03, -1.10449999e-02,  2.14837891e-03,\n",
       "         2.17589720e-03],\n",
       "       [ 2.13416701e-02,  4.52660952e-04,  1.44737568e-03,\n",
       "         1.75822403e-03,  1.91003369e-03,  1.99999497e-03,\n",
       "         2.05950781e-03,  2.10179326e-03, -9.36086704e-03,\n",
       "         2.15788619e-03],\n",
       "       [ 1.94951456e-02,  6.01587168e-04,  1.50128043e-03,\n",
       "         1.78243457e-03,  1.91974241e-03,  2.00111002e-03,\n",
       "         2.05493782e-03,  2.09318389e-03,  2.12175854e-03,\n",
       "        -8.06016316e-03]])"
      ]
     },
     "execution_count": 7,
     "metadata": {},
     "output_type": "execute_result"
    }
   ],
   "source": [
    "np.linalg.inv(a)"
   ]
  },
  {
   "cell_type": "markdown",
   "metadata": {},
   "source": [
    "# 线性回归"
   ]
  },
  {
   "cell_type": "code",
   "execution_count": 25,
   "metadata": {},
   "outputs": [],
   "source": [
    "diabetes = load_diabetes()"
   ]
  },
  {
   "cell_type": "code",
   "execution_count": 9,
   "metadata": {
    "scrolled": true
   },
   "outputs": [
    {
     "data": {
      "text/plain": [
       "{'data': array([[ 0.03807591,  0.05068012,  0.06169621, ..., -0.00259226,\n",
       "          0.01990842, -0.01764613],\n",
       "        [-0.00188202, -0.04464164, -0.05147406, ..., -0.03949338,\n",
       "         -0.06832974, -0.09220405],\n",
       "        [ 0.08529891,  0.05068012,  0.04445121, ..., -0.00259226,\n",
       "          0.00286377, -0.02593034],\n",
       "        ...,\n",
       "        [ 0.04170844,  0.05068012, -0.01590626, ..., -0.01107952,\n",
       "         -0.04687948,  0.01549073],\n",
       "        [-0.04547248, -0.04464164,  0.03906215, ...,  0.02655962,\n",
       "          0.04452837, -0.02593034],\n",
       "        [-0.04547248, -0.04464164, -0.0730303 , ..., -0.03949338,\n",
       "         -0.00421986,  0.00306441]]),\n",
       " 'target': array([151.,  75., 141., 206., 135.,  97., 138.,  63., 110., 310., 101.,\n",
       "         69., 179., 185., 118., 171., 166., 144.,  97., 168.,  68.,  49.,\n",
       "         68., 245., 184., 202., 137.,  85., 131., 283., 129.,  59., 341.,\n",
       "         87.,  65., 102., 265., 276., 252.,  90., 100.,  55.,  61.,  92.,\n",
       "        259.,  53., 190., 142.,  75., 142., 155., 225.,  59., 104., 182.,\n",
       "        128.,  52.,  37., 170., 170.,  61., 144.,  52., 128.,  71., 163.,\n",
       "        150.,  97., 160., 178.,  48., 270., 202., 111.,  85.,  42., 170.,\n",
       "        200., 252., 113., 143.,  51.,  52., 210.,  65., 141.,  55., 134.,\n",
       "         42., 111.,  98., 164.,  48.,  96.,  90., 162., 150., 279.,  92.,\n",
       "         83., 128., 102., 302., 198.,  95.,  53., 134., 144., 232.,  81.,\n",
       "        104.,  59., 246., 297., 258., 229., 275., 281., 179., 200., 200.,\n",
       "        173., 180.,  84., 121., 161.,  99., 109., 115., 268., 274., 158.,\n",
       "        107.,  83., 103., 272.,  85., 280., 336., 281., 118., 317., 235.,\n",
       "         60., 174., 259., 178., 128.,  96., 126., 288.,  88., 292.,  71.,\n",
       "        197., 186.,  25.,  84.,  96., 195.,  53., 217., 172., 131., 214.,\n",
       "         59.,  70., 220., 268., 152.,  47.,  74., 295., 101., 151., 127.,\n",
       "        237., 225.,  81., 151., 107.,  64., 138., 185., 265., 101., 137.,\n",
       "        143., 141.,  79., 292., 178.,  91., 116.,  86., 122.,  72., 129.,\n",
       "        142.,  90., 158.,  39., 196., 222., 277.,  99., 196., 202., 155.,\n",
       "         77., 191.,  70.,  73.,  49.,  65., 263., 248., 296., 214., 185.,\n",
       "         78.,  93., 252., 150.,  77., 208.,  77., 108., 160.,  53., 220.,\n",
       "        154., 259.,  90., 246., 124.,  67.,  72., 257., 262., 275., 177.,\n",
       "         71.,  47., 187., 125.,  78.,  51., 258., 215., 303., 243.,  91.,\n",
       "        150., 310., 153., 346.,  63.,  89.,  50.,  39., 103., 308., 116.,\n",
       "        145.,  74.,  45., 115., 264.,  87., 202., 127., 182., 241.,  66.,\n",
       "         94., 283.,  64., 102., 200., 265.,  94., 230., 181., 156., 233.,\n",
       "         60., 219.,  80.,  68., 332., 248.,  84., 200.,  55.,  85.,  89.,\n",
       "         31., 129.,  83., 275.,  65., 198., 236., 253., 124.,  44., 172.,\n",
       "        114., 142., 109., 180., 144., 163., 147.,  97., 220., 190., 109.,\n",
       "        191., 122., 230., 242., 248., 249., 192., 131., 237.,  78., 135.,\n",
       "        244., 199., 270., 164.,  72.,  96., 306.,  91., 214.,  95., 216.,\n",
       "        263., 178., 113., 200., 139., 139.,  88., 148.,  88., 243.,  71.,\n",
       "         77., 109., 272.,  60.,  54., 221.,  90., 311., 281., 182., 321.,\n",
       "         58., 262., 206., 233., 242., 123., 167.,  63., 197.,  71., 168.,\n",
       "        140., 217., 121., 235., 245.,  40.,  52., 104., 132.,  88.,  69.,\n",
       "        219.,  72., 201., 110.,  51., 277.,  63., 118.,  69., 273., 258.,\n",
       "         43., 198., 242., 232., 175.,  93., 168., 275., 293., 281.,  72.,\n",
       "        140., 189., 181., 209., 136., 261., 113., 131., 174., 257.,  55.,\n",
       "         84.,  42., 146., 212., 233.,  91., 111., 152., 120.,  67., 310.,\n",
       "         94., 183.,  66., 173.,  72.,  49.,  64.,  48., 178., 104., 132.,\n",
       "        220.,  57.]),\n",
       " 'frame': None,\n",
       " 'DESCR': '.. _diabetes_dataset:\\n\\nDiabetes dataset\\n----------------\\n\\nTen baseline variables, age, sex, body mass index, average blood\\npressure, and six blood serum measurements were obtained for each of n =\\n442 diabetes patients, as well as the response of interest, a\\nquantitative measure of disease progression one year after baseline.\\n\\n**Data Set Characteristics:**\\n\\n  :Number of Instances: 442\\n\\n  :Number of Attributes: First 10 columns are numeric predictive values\\n\\n  :Target: Column 11 is a quantitative measure of disease progression one year after baseline\\n\\n  :Attribute Information:\\n      - age     age in years\\n      - sex\\n      - bmi     body mass index\\n      - bp      average blood pressure\\n      - s1      tc, T-Cells (a type of white blood cells)\\n      - s2      ldl, low-density lipoproteins\\n      - s3      hdl, high-density lipoproteins\\n      - s4      tch, thyroid stimulating hormone\\n      - s5      ltg, lamotrigine\\n      - s6      glu, blood sugar level\\n\\nNote: Each of these 10 feature variables have been mean centered and scaled by the standard deviation times `n_samples` (i.e. the sum of squares of each column totals 1).\\n\\nSource URL:\\nhttps://www4.stat.ncsu.edu/~boos/var.select/diabetes.html\\n\\nFor more information see:\\nBradley Efron, Trevor Hastie, Iain Johnstone and Robert Tibshirani (2004) \"Least Angle Regression,\" Annals of Statistics (with discussion), 407-499.\\n(https://web.stanford.edu/~hastie/Papers/LARS/LeastAngle_2002.pdf)',\n",
       " 'feature_names': ['age',\n",
       "  'sex',\n",
       "  'bmi',\n",
       "  'bp',\n",
       "  's1',\n",
       "  's2',\n",
       "  's3',\n",
       "  's4',\n",
       "  's5',\n",
       "  's6'],\n",
       " 'data_filename': 'D:\\\\anaconda\\\\lib\\\\site-packages\\\\sklearn\\\\datasets\\\\data\\\\diabetes_data.csv.gz',\n",
       " 'target_filename': 'D:\\\\anaconda\\\\lib\\\\site-packages\\\\sklearn\\\\datasets\\\\data\\\\diabetes_target.csv.gz'}"
      ]
     },
     "execution_count": 9,
     "metadata": {},
     "output_type": "execute_result"
    }
   ],
   "source": [
    "diabetes"
   ]
  },
  {
   "cell_type": "code",
   "execution_count": 2,
   "metadata": {},
   "outputs": [],
   "source": [
    "from sklearn.model_selection import train_test_split"
   ]
  },
  {
   "cell_type": "code",
   "execution_count": 26,
   "metadata": {},
   "outputs": [],
   "source": [
    "data=diabetes['data']"
   ]
  },
  {
   "cell_type": "code",
   "execution_count": 27,
   "metadata": {},
   "outputs": [],
   "source": [
    "target = diabetes['target']"
   ]
  },
  {
   "cell_type": "code",
   "execution_count": 33,
   "metadata": {},
   "outputs": [],
   "source": [
    "feature_names = diabetes['feature_names']"
   ]
  },
  {
   "cell_type": "code",
   "execution_count": 34,
   "metadata": {},
   "outputs": [
    {
     "data": {
      "text/html": [
       "<div>\n",
       "<style scoped>\n",
       "    .dataframe tbody tr th:only-of-type {\n",
       "        vertical-align: middle;\n",
       "    }\n",
       "\n",
       "    .dataframe tbody tr th {\n",
       "        vertical-align: top;\n",
       "    }\n",
       "\n",
       "    .dataframe thead th {\n",
       "        text-align: right;\n",
       "    }\n",
       "</style>\n",
       "<table border=\"1\" class=\"dataframe\">\n",
       "  <thead>\n",
       "    <tr style=\"text-align: right;\">\n",
       "      <th></th>\n",
       "      <th>age</th>\n",
       "      <th>sex</th>\n",
       "      <th>bmi</th>\n",
       "      <th>bp</th>\n",
       "      <th>s1</th>\n",
       "      <th>s2</th>\n",
       "      <th>s3</th>\n",
       "      <th>s4</th>\n",
       "      <th>s5</th>\n",
       "      <th>s6</th>\n",
       "    </tr>\n",
       "  </thead>\n",
       "  <tbody>\n",
       "    <tr>\n",
       "      <th>0</th>\n",
       "      <td>0.038076</td>\n",
       "      <td>0.050680</td>\n",
       "      <td>0.061696</td>\n",
       "      <td>0.021872</td>\n",
       "      <td>-0.044223</td>\n",
       "      <td>-0.034821</td>\n",
       "      <td>-0.043401</td>\n",
       "      <td>-0.002592</td>\n",
       "      <td>0.019908</td>\n",
       "      <td>-0.017646</td>\n",
       "    </tr>\n",
       "    <tr>\n",
       "      <th>1</th>\n",
       "      <td>-0.001882</td>\n",
       "      <td>-0.044642</td>\n",
       "      <td>-0.051474</td>\n",
       "      <td>-0.026328</td>\n",
       "      <td>-0.008449</td>\n",
       "      <td>-0.019163</td>\n",
       "      <td>0.074412</td>\n",
       "      <td>-0.039493</td>\n",
       "      <td>-0.068330</td>\n",
       "      <td>-0.092204</td>\n",
       "    </tr>\n",
       "    <tr>\n",
       "      <th>2</th>\n",
       "      <td>0.085299</td>\n",
       "      <td>0.050680</td>\n",
       "      <td>0.044451</td>\n",
       "      <td>-0.005671</td>\n",
       "      <td>-0.045599</td>\n",
       "      <td>-0.034194</td>\n",
       "      <td>-0.032356</td>\n",
       "      <td>-0.002592</td>\n",
       "      <td>0.002864</td>\n",
       "      <td>-0.025930</td>\n",
       "    </tr>\n",
       "    <tr>\n",
       "      <th>3</th>\n",
       "      <td>-0.089063</td>\n",
       "      <td>-0.044642</td>\n",
       "      <td>-0.011595</td>\n",
       "      <td>-0.036656</td>\n",
       "      <td>0.012191</td>\n",
       "      <td>0.024991</td>\n",
       "      <td>-0.036038</td>\n",
       "      <td>0.034309</td>\n",
       "      <td>0.022692</td>\n",
       "      <td>-0.009362</td>\n",
       "    </tr>\n",
       "    <tr>\n",
       "      <th>4</th>\n",
       "      <td>0.005383</td>\n",
       "      <td>-0.044642</td>\n",
       "      <td>-0.036385</td>\n",
       "      <td>0.021872</td>\n",
       "      <td>0.003935</td>\n",
       "      <td>0.015596</td>\n",
       "      <td>0.008142</td>\n",
       "      <td>-0.002592</td>\n",
       "      <td>-0.031991</td>\n",
       "      <td>-0.046641</td>\n",
       "    </tr>\n",
       "    <tr>\n",
       "      <th>...</th>\n",
       "      <td>...</td>\n",
       "      <td>...</td>\n",
       "      <td>...</td>\n",
       "      <td>...</td>\n",
       "      <td>...</td>\n",
       "      <td>...</td>\n",
       "      <td>...</td>\n",
       "      <td>...</td>\n",
       "      <td>...</td>\n",
       "      <td>...</td>\n",
       "    </tr>\n",
       "    <tr>\n",
       "      <th>437</th>\n",
       "      <td>0.041708</td>\n",
       "      <td>0.050680</td>\n",
       "      <td>0.019662</td>\n",
       "      <td>0.059744</td>\n",
       "      <td>-0.005697</td>\n",
       "      <td>-0.002566</td>\n",
       "      <td>-0.028674</td>\n",
       "      <td>-0.002592</td>\n",
       "      <td>0.031193</td>\n",
       "      <td>0.007207</td>\n",
       "    </tr>\n",
       "    <tr>\n",
       "      <th>438</th>\n",
       "      <td>-0.005515</td>\n",
       "      <td>0.050680</td>\n",
       "      <td>-0.015906</td>\n",
       "      <td>-0.067642</td>\n",
       "      <td>0.049341</td>\n",
       "      <td>0.079165</td>\n",
       "      <td>-0.028674</td>\n",
       "      <td>0.034309</td>\n",
       "      <td>-0.018118</td>\n",
       "      <td>0.044485</td>\n",
       "    </tr>\n",
       "    <tr>\n",
       "      <th>439</th>\n",
       "      <td>0.041708</td>\n",
       "      <td>0.050680</td>\n",
       "      <td>-0.015906</td>\n",
       "      <td>0.017282</td>\n",
       "      <td>-0.037344</td>\n",
       "      <td>-0.013840</td>\n",
       "      <td>-0.024993</td>\n",
       "      <td>-0.011080</td>\n",
       "      <td>-0.046879</td>\n",
       "      <td>0.015491</td>\n",
       "    </tr>\n",
       "    <tr>\n",
       "      <th>440</th>\n",
       "      <td>-0.045472</td>\n",
       "      <td>-0.044642</td>\n",
       "      <td>0.039062</td>\n",
       "      <td>0.001215</td>\n",
       "      <td>0.016318</td>\n",
       "      <td>0.015283</td>\n",
       "      <td>-0.028674</td>\n",
       "      <td>0.026560</td>\n",
       "      <td>0.044528</td>\n",
       "      <td>-0.025930</td>\n",
       "    </tr>\n",
       "    <tr>\n",
       "      <th>441</th>\n",
       "      <td>-0.045472</td>\n",
       "      <td>-0.044642</td>\n",
       "      <td>-0.073030</td>\n",
       "      <td>-0.081414</td>\n",
       "      <td>0.083740</td>\n",
       "      <td>0.027809</td>\n",
       "      <td>0.173816</td>\n",
       "      <td>-0.039493</td>\n",
       "      <td>-0.004220</td>\n",
       "      <td>0.003064</td>\n",
       "    </tr>\n",
       "  </tbody>\n",
       "</table>\n",
       "<p>442 rows × 10 columns</p>\n",
       "</div>"
      ],
      "text/plain": [
       "          age       sex       bmi        bp        s1        s2        s3  \\\n",
       "0    0.038076  0.050680  0.061696  0.021872 -0.044223 -0.034821 -0.043401   \n",
       "1   -0.001882 -0.044642 -0.051474 -0.026328 -0.008449 -0.019163  0.074412   \n",
       "2    0.085299  0.050680  0.044451 -0.005671 -0.045599 -0.034194 -0.032356   \n",
       "3   -0.089063 -0.044642 -0.011595 -0.036656  0.012191  0.024991 -0.036038   \n",
       "4    0.005383 -0.044642 -0.036385  0.021872  0.003935  0.015596  0.008142   \n",
       "..        ...       ...       ...       ...       ...       ...       ...   \n",
       "437  0.041708  0.050680  0.019662  0.059744 -0.005697 -0.002566 -0.028674   \n",
       "438 -0.005515  0.050680 -0.015906 -0.067642  0.049341  0.079165 -0.028674   \n",
       "439  0.041708  0.050680 -0.015906  0.017282 -0.037344 -0.013840 -0.024993   \n",
       "440 -0.045472 -0.044642  0.039062  0.001215  0.016318  0.015283 -0.028674   \n",
       "441 -0.045472 -0.044642 -0.073030 -0.081414  0.083740  0.027809  0.173816   \n",
       "\n",
       "           s4        s5        s6  \n",
       "0   -0.002592  0.019908 -0.017646  \n",
       "1   -0.039493 -0.068330 -0.092204  \n",
       "2   -0.002592  0.002864 -0.025930  \n",
       "3    0.034309  0.022692 -0.009362  \n",
       "4   -0.002592 -0.031991 -0.046641  \n",
       "..        ...       ...       ...  \n",
       "437 -0.002592  0.031193  0.007207  \n",
       "438  0.034309 -0.018118  0.044485  \n",
       "439 -0.011080 -0.046879  0.015491  \n",
       "440  0.026560  0.044528 -0.025930  \n",
       "441 -0.039493 -0.004220  0.003064  \n",
       "\n",
       "[442 rows x 10 columns]"
      ]
     },
     "execution_count": 34,
     "metadata": {},
     "output_type": "execute_result"
    }
   ],
   "source": [
    "df = pd.DataFrame(data=data,columns=feature_names)\n",
    "df\n",
    "#body mass idnex\n",
    "#blood pressure"
   ]
  },
  {
   "cell_type": "code",
   "execution_count": 35,
   "metadata": {},
   "outputs": [],
   "source": [
    "x_train,x_test,y_train,y_test=train_test_split(data,target,test_size=42)"
   ]
  },
  {
   "cell_type": "code",
   "execution_count": 36,
   "metadata": {},
   "outputs": [
    {
     "data": {
      "text/plain": [
       "(442, 10)"
      ]
     },
     "execution_count": 36,
     "metadata": {},
     "output_type": "execute_result"
    }
   ],
   "source": [
    "data.shape"
   ]
  },
  {
   "cell_type": "code",
   "execution_count": 17,
   "metadata": {},
   "outputs": [
    {
     "data": {
      "text/plain": [
       "LinearRegression()"
      ]
     },
     "execution_count": 17,
     "metadata": {},
     "output_type": "execute_result"
    }
   ],
   "source": [
    "linear = linear_model.LinearRegression()\n",
    "linear.fit(x_train,y_train)"
   ]
  },
  {
   "cell_type": "code",
   "execution_count": 18,
   "metadata": {},
   "outputs": [
    {
     "data": {
      "text/plain": [
       "0.5192984113120138"
      ]
     },
     "execution_count": 18,
     "metadata": {},
     "output_type": "execute_result"
    }
   ],
   "source": [
    "linear.score(x_train,y_train)"
   ]
  },
  {
   "cell_type": "code",
   "execution_count": 19,
   "metadata": {},
   "outputs": [
    {
     "data": {
      "text/plain": [
       "array([  -7.54252239, -249.86463297,  504.56296275,  327.72042661,\n",
       "       -837.21901733,  500.89354012,  111.99676033,  179.44813964,\n",
       "        766.13123696,   88.95362046])"
      ]
     },
     "execution_count": 19,
     "metadata": {},
     "output_type": "execute_result"
    }
   ],
   "source": [
    "#线性方程的系数\n",
    "linear.coef_"
   ]
  },
  {
   "cell_type": "code",
   "execution_count": 20,
   "metadata": {},
   "outputs": [
    {
     "data": {
      "text/plain": [
       "151.8698424001083"
      ]
     },
     "execution_count": 20,
     "metadata": {},
     "output_type": "execute_result"
    }
   ],
   "source": [
    "#截距\n",
    "linear.intercept_"
   ]
  },
  {
   "cell_type": "code",
   "execution_count": 21,
   "metadata": {},
   "outputs": [
    {
     "data": {
